101	26
101	28
103	29
228	283	9 	9
227	281	3 	3
47	109	2 	2
47	111	2 	2
47	113	8 	8
185	223	16 	16
185	225	11 	11
162	42	3 	3
162	44	6 	6
162	46
162	48	1 	1
45	233	3 	3
45	235	3 	3
45	237	2 	2
47	238	2 	2
114	117
114	119	2 	2
114	121	20 	20
116	122	20 	20
115	120	10 	10
116	118	1 	1
117	116	9 	9
49	123
49	125
49	127
88	231
88	233	2 	2
237	240
237	242	1 	1
239	243	6 	6
130	230
281	116
280	114	5 	5
278	115	1 	1
121	17	2 	2
43	23
33	244
32	242	5 	5
30	243	1 	1
134	296
134	298	11 	11
48	196	2 	2
48	198	11 	11
193	265	1 	1
177	43	2 	2
41	61	46 	46
41	63	46 	46
41	65	46 	46
277	103	6 	6
277	105	6 	6
277	107	6 	6
8	69	1 	1
8	71
8	73	7 	7
79	133	5 	5
149	48
149	50
151	51
252	46
252	48
254	49
147	298
147	300
149	301
269	78
45	281
45	283
47	284
93	45
93	47
95	48
156	296	11 	11
156	298	2 	2
158	299	2 	2
158	301	11 	11
159	299	11 	11
157	1
157	3
159	4
18	94
18	96
20	97
225	99
225	101
227	102
219	72
19	285
19	287
21	288
190	170
190	172
192	173
183	173	11 	11
183	175	11 	11
184	173	11 	11
74	73
74	75
76	76
217	98
217	100
219	101
18	48
18	50
20	51
284	183
284	185
286	186
72	284
72	286
74	287
219	132
219	134
221	135
249	147
249	149
251	150
133	257
133	259
135	260
112	226
112	228
114	229
87	77
87	79
89	80
290	193
290	195
292	196
275	141
275	143
277	144
36	103
36	105
38	106
200	135
200	137
202	138
92	222
92	224
94	225
72	196
72	198
74	199
59	99
59	101
61	102
145	207
145	209
147	210
15	291
15	293
17	294
209	216
209	218
211	219
235	15
235	17
237	18
257	239
257	241
259	242
48	30
48	32
50	33
102	289
102	291
104	292
13	266
13	268
15	269
25	131
25	133
27	134
40	79
40	81
42	82
15	49	14 	14
15	51	14 	14
5	176
5	178
5	180
7	181
9	182
118	93
118	95
118	97
120	98
251	37
251	39
251	41
253	42
202	190
202	192
202	194
204	195
215	169
215	171
215	173
217	174
146	185
146	187
146	189
148	190
116	22
116	24
116	26
118	27
81	201
81	203
81	205
83	206
156	233
156	235
156	237
158	238
70	43
70	45
70	47
72	48
103	171
103	173
103	175
105	176
269	94
269	96
269	98
271	99
199	93
199	95
199	97
201	98
91	192
91	194
91	196
93	197
279	259
279	261
279	263
281	264
35	88
35	90
35	92
37	93
160	85
160	87
160	89
162	90
160	33
160	35
160	37
162	38
67	166
67	168
67	170
69	171
68	185
68	187
68	189
70	190
162	127
162	129
162	131
164	132
275	257
275	259
275	261
277	262
114	91
114	93
114	95
116	96
108	91
108	93
108	95
110	96
141	299
141	301
141	303
143	304
21	49
21	51
21	53
23	54
18	166
18	168
18	170
20	171
26	233
26	235
26	237
28	238
229	65
229	67
229	69
231	70
98	174
98	176
98	178
100	179
297	226
297	228
297	230
299	231
292	175
292	177
292	179
294	180
63	31
63	33
63	35
65	36
182	264
182	266
182	268
184	269
209	3
209	5
209	7
211	8
288	66
288	68
288	70
290	71
195	215
195	217
195	219
197	220
1	110
1	112
1	114
3	115
73	285
73	287
73	289
75	290
246	273
246	275
246	277
248	278
248	120
248	122
248	124
250	125
193	105
193	107
246	285
246	287
2	230	46 	46
2	232	46 	46
106	256	6 	6
106	258	6 	6
165	293	1 	1
165	295	1 	1
167	296	1 	1
167	298
168	296
169	294
235	284	1 	1
237	285	1 	1
236	283	2 	2
234	284	2 	2
166	118
165	116
163	117
192	191
191	189
189	190
183	251
181	252
199	154
197	155
222	80
223	78
260	201	4 	4
261	199	4 	4
140	292
141	290
86	2	8 	8
87	0	8 	8
255	149	5 	5
227	59	7 	7
292	132	7 	7
